139.11923076923077
1267.073076923077
298.25239005736137
1272.284894837476
357.4795737122558
2240.54351687389
379.531208499336
601.7490039840637
436.0406654343808
788.7393715341959
470.09747899159663
723.546218487395
471.26443202979516
1817.0037243947859
477.4063670411985
1510.5468164794008
481.1650853889943
2050.168880455408
490.0921052631579
1696.7312030075188
500.70933333333335
1278.832
508.2682926829268
2817.281425891182
514.4322820037106
1107.7755102040817
525.3320895522388
965.8339552238806
530.3772845953002
2614.802872062663
544.9076305220883
2191.9236947791164
549.37265917603
2475.62734082397
560.2067669172932
2362.6409774436092
567.7715930902111
798.8637236084453
607.8345323741007
2031.476618705036
639.2913533834586
3075.3533834586465
654.558225508318
2654.2624768946393
655.9980842911878
1326.2758620689656
671.7485148514852
2136.1247524752475
679.0
3259.8909774436092
695.2959001782531
1912.8930481283423
706.0416666666666
2969.967803030303
734.5738636363636
1393.3371212121212
735.2003745318352
3422.625468164794
753.5738831615121
782.4965635738831
761.6243093922652
2679.523020257827
769.9875
1890.5482142857143
782.187617260788
2857.9455909943713
800.6758349705304
1460.7917485265225
826.9980276134122
2132.2702169625245
865.6444866920152
1539.0114068441064
871.5150326797385
2707.705882352941
907.6504504504504
1855.299099099099
940.435606060606
821.5492424242424
957.8721804511279
2562.5375939849623
965.4548944337812
1577.0729366602686
984.1535580524345
2469.436329588015
1003.5703703703704
2771.5
1008.7284644194757
2302.9588014981273
1026.1001335113485
2127.4392523364486
1024.7383720930231
788.8585271317829
1037.532833020638
2031.718574108818
1050.1578014184397
1818.4893617021276
1059.949806949807
1610.4555984555984
1077.2757352941176
1497.5753676470588
1084.784277879342
2842.0219378427787
1094.8653465346536
1930.0158415841584
1119.6697612732096
1800.9403183023874
1121.0144927536232
631.7771739130435
1138.301498127341
1698.7191011235955
1149.5
1635.0
1164.2156488549617
2977.414122137405
1173.2083333333333
1514.608870967742
1176.969536423841
787.5933774834438
1182.80859375
2111.611328125
1188.705996131528
2023.9400386847196
1192.3345864661653
1360.03007518797
1201.165137614679
2848.0235910878114
1199.4269005847952
1896.9766081871346
1217.0600775193798
3117.1957364341083
1224.211155378486
1809.8725099601593
1222.1707779886149
2723.392789373814
1235.5619469026549
1738.5929203539822
1246.9332443257676
1655.0013351134846
1246.83908045977
2548.6934865900384
1251.6368613138686
976.735401459854
1263.5619946091645
1528.5902964959569
1263.8061420345489
2429.253358925144
1278.7760617760619
2320.9826254826253
1288.1105354058723
1815.167530224525
1292.6339113680153
2223.082851637765
1299.5414438502673
1097.9719251336899
1312.5855614973261
2098.280748663102
1318.942857142857
1669.2819047619048
1328.0
1974.358527131783
1346.726213592233
829.0815533980583
1350.3755047106326
1821.585464333782
1364.8516377649325
1716.1483622350675
1381.9058380414313
993.2203389830509
1384.4246323529412
1546.7775735294117
1441.338827838828
1241.456043956044
1457.1967871485945
895.5542168674699
1454.590909090909
2133.433712121212
1464.7099099099098
1811.6576576576576
1482.750909090909
1550.4472727272728
1523.1205936920223
2906.5139146567717
1528.725935828877
2089.049465240642
1530.3537234042553
2154.56914893617
1543.7165492957747
1885.6267605633802
1556.5735099337749
1796.241059602649
1561.7794392523365
720.5570093457944
1567.5628415300546
1301.6739526411657
1575.48393194707
935.5614366729678
1578.975935828877
1602.7941176470588
1621.1433506044905
1443.9032815198618
1630.4197860962568
1759.0106951871658
1642.987983978638
1355.8277703604806
1644.612284069098
2274.2495201535507
1652.1394422310757
2092.5
1664.3071017274472
2427.4798464491364
1670.352014010508
1210.031523642732
1698.042471042471
2559.4517374517372
1705.1528046421663
2777.928433268859
1715.7777777777778
1812.0591397849462
1724.2676864244743
2665.51051625239
1729.9407665505225
1057.2177700348432
1778.659946236559
892.494623655914
1782.9447368421052
2946.0131578947367
1786.342440801457
1424.6994535519125
1801.0
2109.8534653465344
1820.3770197486535
1873.2764811490126
1827.569597069597
1636.489010989011
1906.355992844365
1924.1878354203936
1925.4387568555758
1583.0603290676418
1942.6764168190127
1412.4698354661791
1990.3908918406073
2901.7476280834912
2003.612676056338
1982.1637323943662
2023.0831683168317
2110.9643564356434
2025.5426497277676
1699.7931034482758
2043.2216288384514
1516.7009345794393
2057.25871559633
1865.3761467889908
2101.1903846153846
2961.9269230769232
2121.4296028880867
2050.191335740072
2128.5533453887883
1450.7757685352622
2147.339285714286
2128.5833333333335
2240.714285714286
3029.3580952380953
2255.1118508655127
1998.820239680426
2289.0704761904763
2155.5714285714284
2300.240072202166
1317.3429602888086
2407.903846153846
3111.9846153846156
2440.0306859205775
1257.985559566787
2474.95785440613
2271.074712643678
2526.744604316547
1087.275179856115
2587.647912885662
934.6025408348457
2652.824817518248
777.7609489051094
2658.341509433962
2383.835849056604
2697.5
2529.3295880149813
2712.636200716846
633.1989247311828
2749.406427221172
2719.6843100189035
2787.5374531835205
2858.794007490637
2797.356884057971
426.80797101449275
2829.401129943503
3017.2278719397364
2837.865831842576
327.9660107334526
2878.6191369606004
3122.4015009380864
2888.6124314442413
202.92321755027422
2932.766606822262
97.39497307001795
2965.296786389414
3149.4102079395084
