0.043913898601398604
0.3265652260111023
0.09414532514436912
0.3279084780508959
0.11284077453038377
0.5774596692973943
0.11980151783438636
0.15508994948042878
0.1376390989376202
0.20328334317891647
0.14838935574229692
0.18648098414623582
0.14875771213061717
0.4682999289677283
0.15069645424280256
0.38931618981427857
0.1518829183677381
0.5283940413544865
0.1547007908027645
0.43730185644523684
0.15805218855218856
0.32959587628865983
0.16043822370041882
0.7261034602812325
0.16238392740016117
0.28550915211445405
0.1658245232172471
0.24892627711955687
0.1674170721576074
0.6739182659955317
0.17200367125065918
0.5649287873142053
0.17341308686112056
0.638048283717518
0.17683294410268094
0.6089280869700023
0.1792208311522131
0.20589271227021785
0.19186696097667322
0.5235764481198546
0.20179651306296043
0.7926168514068677
0.20661560148621147
0.6840882672408864
0.2070701023646426
0.3418236757909705
0.2120418291829183
0.5505476166173319
0.2143308080808081
0.8401780869700024
0.21947471596535767
0.4930136721980264
0.2228666877104377
0.765455619337707
0.23187306301652894
0.35910750546704157
0.23207082529413992
0.882119966021854
0.23787054392724497
0.2016743720551245
0.24041171382331605
0.6905987165612956
0.24305160984848484
0.4872546944035346
0.24690265696363256
0.7365839152047349
0.25273858427100077
0.3764927186924027
0.26104735720120337
0.5495541796295166
0.27324636574874217
0.39665242444435733
0.27509944213375587
0.6978623408126137
0.286505824005824
0.47816987090182966
0.2968546736302418
0.21173949547016557
0.30235864281916913
0.6604478335012789
0.30475217627328954
0.40646209707738884
0.310654532213521
0.6364526622649522
0.31678357650579875
0.7143041237113402
0.3184117627586729
0.593546082860342
0.3238952441639358
0.5483090856537238
0.32346539523138357
0.20331405338448014
0.3275040508272216
0.5236388077600047
0.33148920499319434
0.4686828251809607
0.3345801158301158
0.41506587589061816
0.34004915886809267
0.3859730328987265
0.34241927963363067
0.7324798808873141
0.3456014351435144
0.49742676329488617
0.3534311115130081
0.4641598758511308
0.3538555848338457
0.16282916853428955
0.35931234158060005
0.4378142013205143
0.3628472222222222
0.4213917525773196
0.36749231340118743
0.7673747737467538
0.3703309132996633
0.3903631110741603
0.3715181617499498
0.2029879838874855
0.37336129853219696
0.5442297237435567
0.37522285231424496
0.5216340305888453
0.37636824067745117
0.3505232152546314
0.3791556621258456
0.734026698733972
0.37860697619469547
0.48891149695544706
0.38417300426748097
0.8034009629984815
0.38643028894522913
0.46646198710313386
0.38578623042569915
0.7019053580860346
0.390013240815232
0.44809095885411915
0.3936026655068711
0.4265467358539909
0.39357294206432136
0.6568797645850615
0.39508739309149893
0.2517359282113026
0.39885163971248877
0.39396657126184453
0.39892870645029954
0.626096226527099
0.40365405990405995
0.5981913983202642
0.4066005477922577
0.46782668304755803
0.4080283811136412
0.5729594978447848
0.41020878909415004
0.28298245493136337
0.4143262504726408
0.5407940073873974
0.4163329725829726
0.430227295041728
0.41919191919191917
0.5088552904978823
0.4251029714621948
0.21368081273145834
0.4262548941637098
0.46948078977674795
0.4308243806076176
0.44230627892656377
0.43620765089691643
0.2559846234492399
0.437002724858883
0.39865401379624016
0.45496806434306436
0.3199628979268154
0.45997373331710684
0.23081294249161596
0.45915117079889806
0.5498540495157763
0.4623452998452998
0.46692207671589114
0.46804005968778695
0.39959981255857546
0.4807830156856131
0.7491015243960751
0.4825523787338627
0.5384148106290314
0.48306620056952504
0.5553013270454047
0.48728426429790866
0.4859862784957166
0.49134264833768143
0.46294872670171366
0.49298593410742947
0.18571056941901917
0.4948115030082243
0.3354829774848365
0.4973118472055145
0.24112408161674428
0.49841412115810513
0.41309126743480895
0.5117245424887912
0.37214002101027366
0.5146527102576568
0.4533532719554551
0.5186199444377014
0.3494401470001239
0.5191326654258517
0.5861467835447296
0.5215086623204153
0.5393041237113402
0.5253494639291184
0.6256391356827671
0.5272575801800846
0.31186379475328146
0.5359982547482548
0.6596525096525095
0.5382426782330071
0.7159609364094998
0.5415965207631874
0.46702555149096553
0.5442764161693416
0.6869872464568015
0.5460671611586245
0.2724788067100111
0.561445690099924
0.230024387540184
0.5627982123870281
0.7592817417254476
0.5638707199499549
0.36719058081234857
0.5684974747474747
0.5437766663264264
0.5746139582539942
0.48280321679098265
0.5768843425093425
0.42177551829613685
0.6017537856200647
0.49592469985061693
0.6077773853710782
0.4080052394504231
0.6132185659150924
0.3640386173881905
0.628279953232515
0.7478731000215184
0.6324534962299047
0.5108669413387542
0.6385994849484948
0.5440629784627947
0.6393758364039671
0.43809100604337003
0.6449563222343596
0.3909023027266596
0.6493872208321749
0.48076704814149246
0.6632545405982906
0.7633832275971452
0.6696431827298254
0.5283998287989877
0.6718918388222186
0.3739112805503253
0.6778217442279942
0.5486039518900344
0.7072961760461761
0.7807623956799215
0.711840862015629
0.5151598555877387
0.7225601250601251
0.5555596465390279
0.7260858813769464
0.3395213815177342
0.7600706585081585
0.8020578905630452
0.7702117064143237
0.32422308236257397
0.7812366964665814
0.585328534186515
0.7975835240898191
0.2802255618185864
0.8168080533098682
0.2408769435141355
0.8373815711863156
0.20045385281059522
0.8391229512102153
0.6143906827465474
0.8514835858585859
0.6518890690760261
0.8562614269939539
0.16319559915752135
0.8678681904107235
0.7009495644378617
0.8799044991109598
0.7368025792501641
0.8830040669374909
0.11000205438517854
0.8931190435427724
0.7776360494690042
0.8957909822735404
0.08452732235398264
0.9086550306062501
0.8047426548809501
0.9118094796225509
0.05229979833769954
0.9257470349817746
0.02510179718299432
0.9360153997441333
0.8117036618400795
